1 0.5415 0.3080 0.0770 0.1307
1 0.7150 0.3500 0.0700 0.1027
0 0.3330 0.6640 0.2100 0.1547
0 0.3810 0.6007 0.1480 0.0973
1 0.5045 0.4900 0.0970 0.1400
0 0.0465 0.4613 0.0870 0.0587
0 0.7895 0.4267 0.0650 0.0747
0 0.8880 0.3753 0.0740 0.0573
0 0.9630 0.2873 0.0340 0.0440
1 0.7200 0.3340 0.0800 0.1320
1 0.7260 0.2600 0.0520 0.0187
1 0.7420 0.2467 0.0700 0.0320
1 0.9480 0.1873 0.1040 0.0387
1 0.8130 0.1760 0.1240 0.0507
1 0.9530 0.1620 0.0920 0.0120
1 0.6985 0.1980 0.0910 0.0360
1 0.7780 0.2167 0.0560 0.0307
1 0.7400 0.2200 0.0540 0.0187
1 0.7935 0.2353 0.0350 0.0547
0 0.8805 0.2420 0.0310 0.0253
0 0.9780 0.2493 0.0280 0.0240
1 0.5905 0.2860 0.1590 0.1533
3 0.6095 0.5113 0.0390 0.0520
0 0.2480 0.3980 0.0520 0.0493
0 0.3380 0.3700 0.0940 0.0467
0 0.7025 0.1747 0.0290 0.0107