0 0.0439 0.2999 0.0862 0.0623
0 0.1162 0.3005 0.0647 0.0473
0 0.1944 0.2722 0.0547 0.0323
0 0.2148 0.2947 0.0831 0.0496
0 0.4861 0.2918 0.0624 0.0392
0 0.5485 0.2924 0.0577 0.0334
0 0.6166 0.2901 0.0523 0.0288
0 0.6701 0.2878 0.0300 0.0265
1 0.7991 0.2745 0.0416 0.0369
1 0.8487 0.2687 0.0254 0.0208
0 0.7352 0.2607 0.0169 0.0092
0 0.3961 0.4544 0.0500 0.0277
3 0.4457 0.4366 0.0154 0.0196
0 0.4253 0.4729 0.0470 0.0254
3 0.5412 0.4348 0.0139 0.0254
3 0.5477 0.4152 0.0115 0.0208
0 0.5624 0.4596 0.0377 0.0311
0 0.5982 0.4164 0.0169 0.0231
0 0.6697 0.4141 0.0123 0.0208
1 0.6925 0.3679 0.0331 0.0369
3 0.7198 0.3460 0.0108 0.0185
1 0.1397 0.7514 0.1871 0.1603
1 0.3329 0.6044 0.1701 0.1638
3 0.1209 0.9602 0.0570 0.0796
0 0.2040 0.9279 0.1447 0.1419
3 0.2995 0.9602 0.0354 0.0496
0 0.4103 0.8708 0.0924 0.1200
0 0.3814 0.7751 0.0885 0.1084
1 0.4415 0.8997 0.2564 0.2007
0 0.5396 0.7872 0.0662 0.0750
0 0.4542 0.6990 0.0770 0.0507
0 0.5431 0.6332 0.0562 0.0600
0 0.6197 0.8714 0.0677 0.1326
0 0.5974 0.6776 0.0600 0.0588
0 0.6124 0.7416 0.0654 0.0969
0 0.5808 0.5980 0.0547 0.0519
1 0.7125 0.6949 0.1347 0.2272
1 0.7175 0.5871 0.1032 0.1430
1 0.8199 0.5721 0.0831 0.1315
1 0.8368 0.4671 0.0293 0.0669
0 0.7517 0.4862 0.0239 0.0334
0 0.6590 0.5444 0.0277 0.0415
2 0.7694 0.4412 0.0531 0.0588
2 0.8722 0.4383 0.0323 0.0623
0 0.8079 0.5213 0.0269 0.0323
1 0.7921 0.4031 0.0477 0.0565
1 0.8972 0.3639 0.0192 0.0427
0 0.8630 0.3881 0.0123 0.0196
0 0.9203 0.3564 0.0100 0.0185
0 0.8618 0.3662 0.0177 0.0173
0 0.9065 0.3379 0.0100 0.0138
0 0.8814 0.3512 0.0139 0.0173
1 0.8718 0.2641 0.0208 0.0208
0 0.7652 0.2607 0.0185 0.0115