3 0.0127 0.9491 0.0239 0.0671
0 0.0997 0.9636 0.0978 0.0705
0 0.5038 0.8873 0.0531 0.0705
0 0.5423 0.9647 0.0639 0.0705
0 0.5770 0.8590 0.0408 0.0671
0 0.6289 0.7301 0.0123 0.0197
0 0.5935 0.7474 0.0169 0.0220
0 0.5801 0.7590 0.0131 0.0243
0 0.6082 0.7318 0.0139 0.0185
0 0.6159 0.7214 0.0123 0.0162
0 0.6012 0.7249 0.0123 0.0185
0 0.7494 0.9283 0.0608 0.0879
0 0.7136 0.8168 0.0323 0.0451
0 0.6339 0.6983 0.0069 0.0092
1 0.6232 0.6948 0.0100 0.0231
1 0.6505 0.7092 0.0108 0.0197
0 0.6097 0.7121 0.0108 0.0116
1 0.5620 0.7809 0.0400 0.0705