0 0.0801 0.9861 0.0600 0.0277
3 0.0420 0.7006 0.0500 0.0462
1 0.0162 0.0168 0.0293 0.0312
1 0.0562 0.0168 0.0446 0.0312
1 0.1212 0.0382 0.0885 0.0740
1 0.1736 0.1179 0.0931 0.0971
1 0.1898 0.0925 0.0793 0.0925
1 0.2706 0.1283 0.0978 0.1364
1 0.3880 0.1977 0.1309 0.1202
3 0.3734 0.2509 0.0246 0.0347
2 0.5266 0.1896 0.0662 0.0462
1 0.6243 0.1919 0.1047 0.0971
1 0.7556 0.0532 0.0547 0.0809
0 0.7629 0.0168 0.0246 0.0243
1 0.5462 0.2584 0.1255 0.0821
0 0.4407 0.3214 0.0516 0.0370
3 0.1551 0.6029 0.0454 0.0474
3 0.2052 0.5821 0.0208 0.0613
3 0.2560 0.8098 0.0423 0.0520
3 0.3514 0.8121 0.0439 0.0428
0 0.1339 0.3613 0.0493 0.0728
3 0.2179 0.3277 0.0200 0.0382
3 0.1509 0.4173 0.0277 0.0393
0 0.3025 0.2694 0.0616 0.0624
1 0.3195 0.4717 0.1278 0.1873
3 0.4484 0.4827 0.0208 0.0405
3 0.5073 0.3277 0.0323 0.0428
0 0.4496 0.5896 0.0801 0.0971
0 0.3068 0.7306 0.0624 0.1434
1 0.6035 0.8451 0.2002 0.2798
0 0.5970 0.6659 0.0885 0.1017
0 0.5366 0.5318 0.0801 0.0925
3 0.5400 0.6387 0.0254 0.0590
1 0.8260 0.8723 0.2540 0.2555
0 0.8149 0.7168 0.0931 0.1110
0 0.8468 0.6827 0.0985 0.1214
1 0.7752 0.3214 0.0985 0.1572
1 0.8641 0.1838 0.0762 0.1503
1 0.7467 0.1873 0.0677 0.1364
1 0.6778 0.2821 0.0978 0.1572
1 0.8033 0.1988 0.0685 0.1064
1 0.9192 0.1052 0.0477 0.1040
1 0.8191 0.0699 0.0616 0.1006
1 0.8903 0.0393 0.0500 0.0763