1 0.0905 0.7529 0.1794 0.4571
0 0.4954 0.9548 0.1563 0.0905
0 0.2921 0.8782 0.1393 0.1926
0 0.4808 0.8022 0.1224 0.1636
0 0.2017 0.6659 0.0585 0.1439
0 0.4973 0.6769 0.1016 0.1265
0 0.3745 0.5922 0.0839 0.1009
1 0.3483 0.4716 0.1055 0.1636
0 0.4727 0.5128 0.0677 0.0858
0 0.4738 0.4606 0.0624 0.0348
0 0.2117 0.3208 0.0354 0.0452
1 0.2837 0.3747 0.1085 0.1578
0 0.4584 0.4478 0.0577 0.0673
1 0.3668 0.3150 0.0654 0.0406
0 0.4592 0.3625 0.0485 0.0267
1 0.2987 0.2836 0.0662 0.0290
1 0.3761 0.1984 0.0377 0.0510
1 0.4103 0.1903 0.0354 0.0418
1 0.3414 0.2285 0.0408 0.0418
0 0.9088 0.7796 0.1393 0.1949
0 0.9673 0.7483 0.0654 0.1624
0 0.7283 0.6961 0.1047 0.1462
0 0.9330 0.6456 0.1078 0.1009
0 0.9700 0.5650 0.0600 0.1160
0 0.6805 0.5951 0.0893 0.0835
0 0.8922 0.5829 0.0893 0.0684
0 0.7336 0.5302 0.0677 0.0951
0 0.8568 0.5435 0.0847 0.0731
0 0.8618 0.5052 0.0855 0.0777
0 0.7560 0.4037 0.0354 0.0719
0 0.6293 0.4791 0.0577 0.0441
0 0.5870 0.4049 0.0439 0.0580
0 0.6586 0.4095 0.0346 0.0650
1 0.6574 0.3416 0.0785 0.1172
1 0.5735 0.3242 0.0708 0.0963
1 0.5681 0.2094 0.0385 0.0661