0 0.7902 0.8390 0.1570 0.3160
0 0.6145 0.6172 0.0898 0.1840
0 0.5281 0.5994 0.0797 0.1543
0 0.5789 0.4970 0.0719 0.1335
0 0.6039 0.3776 0.0484 0.0608
0 0.5750 0.3316 0.0422 0.0697
0 0.5305 0.3323 0.0344 0.0534
0 0.5160 0.3086 0.0320 0.0475
0 0.5164 0.2745 0.0281 0.0386
1 0.5664 0.2441 0.0469 0.1053
1 0.5258 0.1239 0.0219 0.0549
3 0.6734 0.4733 0.0297 0.0386
3 0.7547 0.6513 0.0422 0.0623
3 0.8680 0.8346 0.0609 0.1320
3 0.8180 0.7441 0.0375 0.1053
3 0.7906 0.6454 0.0250 0.0415
3 0.7125 0.4918 0.0172 0.0638
3 0.7441 0.6009 0.0211 0.0504
3 0.1402 0.4414 0.0242 0.0608