1 0.8597 0.9029 0.2213 0.1942
1 0.6763 0.6457 0.0907 0.2760
1 0.2463 0.5051 0.0422 0.0630
1 0.2959 0.4702 0.0367 0.0545
1 0.5618 0.5324 0.0305 0.0937
1 0.5719 0.4583 0.0195 0.0477
1 0.5504 0.4480 0.0125 0.0341
1 0.5301 0.4233 0.0125 0.0187
0 0.3577 0.5630 0.0242 0.0426
0 0.2948 0.5204 0.0156 0.0324
0 0.7955 0.7061 0.1087 0.0903
3 0.8436 0.6584 0.0203 0.0460
3 0.6228 0.7615 0.0227 0.0307
0 0.4597 0.7768 0.0469 0.1124
0 0.5211 0.6312 0.0305 0.0698
0 0.4722 0.6312 0.0297 0.0494
0 0.6173 0.5818 0.0305 0.0460
3 0.5786 0.5894 0.0125 0.0409
3 0.4832 0.5434 0.0078 0.0273
3 0.5383 0.4949 0.0070 0.0256
0 0.4504 0.4932 0.0172 0.0290
0 0.4277 0.4804 0.0156 0.0307
0 0.0156 0.6917 0.0297 0.0681
0 0.1231 0.5877 0.0399 0.0477
0 0.3167 0.5119 0.0156 0.0256
0 0.3894 0.4642 0.0235 0.0187
3 0.7228 0.7112 0.0149 0.0562