0 0.4224 0.4519 0.1562 0.2148
0 0.3073 0.9019 0.2375 0.1963
0 0.5271 0.9574 0.1677 0.0852
0 0.9604 0.6940 0.0792 0.3676
0 0.9688 0.4130 0.0625 0.2093
0 0.9620 0.2509 0.0760 0.1500
0 0.9589 0.1343 0.0719 0.1093
0 0.5607 0.2190 0.0714 0.1361
0 0.7810 0.1514 0.0672 0.1213
0 0.7911 0.0694 0.0531 0.0778
0 0.8055 0.0153 0.0349 0.0231
0 0.6112 0.0981 0.0661 0.0870
0 0.5560 0.2190 0.0682 0.1324
1 0.1458 0.4931 0.2906 0.5028
1 0.6792 0.3528 0.1552 0.3463
0 0.7552 0.2477 0.0521 0.1472
3 0.4927 0.2532 0.0479 0.0602
3 0.7740 0.4435 0.0302 0.0963
3 0.8086 0.2759 0.0286 0.0759
1 0.5719 0.0565 0.1146 0.1111
1 0.6378 0.0185 0.0297 0.0352
0 0.7458 0.0338 0.0354 0.0657