1 0.8146 0.6472 0.2615 0.5500
1 0.6690 0.3102 0.1307 0.1963
1 0.6096 0.2116 0.0880 0.1472
1 0.5904 0.1412 0.0776 0.1157
1 0.5312 0.1759 0.0563 0.1593
0 0.4232 0.5417 0.0859 0.2444
0 0.3388 0.4440 0.0859 0.1583
0 0.4349 0.3593 0.0677 0.1278
0 0.3648 0.3329 0.0641 0.1176
0 0.3885 0.2486 0.0458 0.0843
0 0.4557 0.2593 0.0417 0.0907
3 0.3779 0.1894 0.0203 0.0269
0 0.4057 0.2046 0.0333 0.0833
0 0.4518 0.2042 0.0318 0.0750
0 0.4581 0.1722 0.0318 0.0611
0 0.4190 0.1542 0.0339 0.0583
0 0.4971 0.1597 0.0307 0.0657
0 0.4555 0.1278 0.0224 0.0315
1 0.4602 0.0435 0.0276 0.0648
1 0.5049 0.0333 0.0318 0.0556
1 0.5437 0.0880 0.0417 0.0815
0 0.0266 0.7958 0.0510 0.1546
0 0.1771 0.4227 0.1115 0.1269
0 0.0742 0.4449 0.1245 0.1306
0 0.0602 0.3731 0.1161 0.0889
0 0.2409 0.3338 0.0776 0.1046
0 0.1740 0.3213 0.0823 0.0870
0 0.1497 0.2907 0.0797 0.0907
0 0.0779 0.2569 0.0786 0.0565
0 0.0164 0.2685 0.0307 0.0296
3 0.0409 0.2315 0.0203 0.0278
0 0.1000 0.2116 0.0552 0.0491
0 0.1898 0.1681 0.0453 0.0454
0 0.2859 0.2546 0.0594 0.0741
0 0.2750 0.1880 0.0375 0.0741
0 0.3492 0.1384 0.0349 0.0417
0 0.2622 0.1088 0.0266 0.0213
0 0.3654 0.1134 0.0203 0.0417
0 0.3440 0.1023 0.0120 0.0343
0 0.3823 0.0843 0.0240 0.0315
1 0.2677 0.0606 0.0500 0.0380
0 0.3104 0.0653 0.0146 0.0213
0 0.4354 0.0477 0.0156 0.0343