0 0.8352 0.7903 0.2797 0.3361
1 0.6995 0.3773 0.3146 0.3194
0 0.7258 0.5639 0.1839 0.1833
0 0.5802 0.5333 0.1583 0.1741
3 0.6076 0.4875 0.0286 0.0639
0 0.3729 0.6032 0.1562 0.2231
0 0.4068 0.4773 0.1198 0.1565
1 0.3997 0.2977 0.1724 0.2509
0 0.3253 0.3671 0.0870 0.1324
0 0.2073 0.3199 0.0594 0.1324
3 0.1490 0.3097 0.0260 0.0491
0 0.2812 0.2431 0.0542 0.0769
0 0.2424 0.2032 0.0297 0.0583
0 0.1849 0.2222 0.0469 0.0630
0 0.1458 0.1995 0.0365 0.0657
1 0.2956 0.1565 0.0745 0.1000
1 0.1958 0.1120 0.0490 0.0870
0 0.1039 0.1727 0.0370 0.0472
0 0.1576 0.1241 0.0193 0.0278
0 0.1096 0.1306 0.0193 0.0259
0 0.0724 0.1144 0.0187 0.0398
0 0.1823 0.8685 0.1833 0.2630
3 0.1599 0.6792 0.0521 0.1306
0 0.0359 0.9630 0.0677 0.0741
0 0.0281 0.7569 0.0542 0.2657
0 0.1117 0.5796 0.0932 0.1759
0 0.0195 0.5472 0.0380 0.1463
0 0.1000 0.4537 0.0875 0.1278
0 0.0763 0.3778 0.0693 0.0907
0 0.0211 0.4292 0.0411 0.1102
0 0.0190 0.3602 0.0370 0.0778
0 0.0401 0.2250 0.0417 0.0611
0 0.0336 0.1903 0.0266 0.0176
0 0.0263 0.1722 0.0224 0.0296
0 0.0253 0.1514 0.0182 0.0194
0 0.0227 0.1315 0.0193 0.0278
0 0.0057 0.2088 0.0104 0.0361
1 0.1591 0.0852 0.0245 0.0537
0 0.0146 0.1088 0.0177 0.0324