1 0.9049 0.2361 0.1901 0.2611
1 0.9331 0.1542 0.1286 0.1306
1 0.1320 0.7023 0.2599 0.5954
1 0.3740 0.1995 0.0969 0.1639
1 0.5911 0.1343 0.0760 0.1815
1 0.8732 0.0417 0.0859 0.0759
1 0.7182 0.0444 0.0583 0.0852
0 0.7583 0.2028 0.0563 0.0870
3 0.2961 0.3412 0.0286 0.0472
0 0.8102 0.7505 0.1703 0.3139
0 0.6367 0.8731 0.1484 0.2537
0 0.4471 0.7444 0.1099 0.2833
0 0.7378 0.4694 0.0911 0.1722
0 0.4648 0.4625 0.0797 0.1528
0 0.3349 0.4162 0.0938 0.1361
0 0.3792 0.3125 0.0583 0.1343
0 0.4794 0.3231 0.0641 0.1093
0 0.5656 0.3403 0.0677 0.1324
0 0.6341 0.3194 0.0630 0.0944
0 0.6898 0.2903 0.0661 0.1194
0 0.6151 0.2421 0.0583 0.0713
0 0.6656 0.2083 0.0552 0.0759
0 0.6505 0.1685 0.0406 0.0759
0 0.6378 0.1144 0.0276 0.0657
0 0.4891 0.2403 0.0469 0.0824
0 0.4521 0.2139 0.0490 0.0833
0 0.4680 0.1060 0.0339 0.0676
0 0.5055 0.1338 0.0411 0.0546
0 0.5336 0.1671 0.0359 0.0583
0 0.5336 0.1134 0.0297 0.0528
0 0.5023 0.0861 0.0224 0.0519
0 0.5102 0.0569 0.0255 0.0343
0 0.5362 0.0653 0.0245 0.0361
0 0.6195 0.0218 0.0245 0.0324
0 0.4651 0.0301 0.0354 0.0343
0 0.4690 0.9810 0.1089 0.0380