1 0.0966 0.1306 0.1922 0.2389
1 0.2005 0.1616 0.0458 0.1306
1 0.3794 0.1213 0.1766 0.1778
1 0.5034 0.1426 0.0672 0.0778
1 0.6391 0.1194 0.1000 0.0796
1 0.7510 0.0926 0.0688 0.0796
1 0.9661 0.1875 0.0677 0.2306
3 0.8646 0.5653 0.0521 0.1361
0 0.0365 0.5329 0.0719 0.2417
0 0.3776 0.6255 0.3083 0.3398
0 0.2112 0.5407 0.2755 0.2870
0 0.2573 0.3963 0.2250 0.1685
0 0.2435 0.3431 0.1995 0.1491
0 0.4388 0.4111 0.1880 0.1648
0 0.7638 0.4671 0.1453 0.2157
0 0.0479 0.2722 0.0896 0.0611
0 0.2383 0.2731 0.1464 0.0963
0 0.2956 0.2306 0.0745 0.0759
0 0.2526 0.2032 0.0708 0.0435
0 0.2542 0.4005 0.2271 0.1361
0 0.4839 0.3218 0.1531 0.1324
0 0.4758 0.2639 0.1349 0.0778
0 0.8023 0.2977 0.0755 0.1120
0 0.7234 0.3310 0.0823 0.1361
0 0.6906 0.2694 0.0990 0.0630
0 0.6534 0.2546 0.0797 0.0778
0 0.6018 0.2148 0.0766 0.0852
0 0.7102 0.2269 0.0661 0.0722
0 0.6656 0.1958 0.0469 0.0398
3 0.7659 0.2222 0.0182 0.0556
0 0.9211 0.2287 0.0328 0.0796
0 0.9073 0.1782 0.0417 0.0417
0 0.8823 0.2269 0.0406 0.0611
0 0.7807 0.1940 0.0417 0.0620
0 0.9388 0.1449 0.0234 0.0361
0 0.9169 0.1380 0.0141 0.0296
0 0.4721 0.2079 0.0828 0.0528
0 0.5474 0.1903 0.0531 0.0398
0 0.5042 0.1787 0.0448 0.0241
1 0.8219 0.1014 0.0448 0.0361