0 0.9615 0.8866 0.0771 0.2157
0 0.4185 0.6625 0.1755 0.2861
0 0.5034 0.4579 0.1328 0.1361
0 0.5161 0.3829 0.1156 0.1194
0 0.3997 0.3500 0.0849 0.1019
0 0.2807 0.3019 0.0719 0.0778
0 0.2026 0.3269 0.0688 0.1130
1 0.5326 0.2694 0.2255 0.2444
3 0.3513 0.2449 0.0307 0.0546
0 0.2214 0.2361 0.0531 0.0944
1 0.2641 0.1815 0.1062 0.1593
3 0.3419 0.1750 0.0161 0.0481
0 0.1378 0.2125 0.0474 0.0657
3 0.1060 0.1958 0.0141 0.0398
0 0.1258 0.1486 0.0318 0.0509
0 0.1018 0.1329 0.0203 0.0417
0 0.0815 0.1259 0.0245 0.0389
1 0.2867 0.1134 0.0672 0.0713
1 0.1792 0.0769 0.0437 0.0593
1 0.1445 0.0468 0.0297 0.0546
0 0.1201 0.1032 0.0214 0.0324
0 0.0661 0.1051 0.0125 0.0361
0 0.1768 0.8782 0.1859 0.2435
0 0.0352 0.9102 0.0620 0.1648
3 0.1388 0.6912 0.0880 0.1454
0 0.1021 0.5472 0.1146 0.1759
0 0.0172 0.6213 0.0323 0.1796
0 0.0883 0.4292 0.0911 0.1139
0 0.0174 0.4403 0.0339 0.1287
0 0.0693 0.3509 0.0656 0.0852
0 0.0151 0.3398 0.0292 0.0926
0 0.0365 0.2106 0.0427 0.0657
0 0.0195 0.1551 0.0255 0.0343
0 0.0258 0.1731 0.0339 0.0241
0 0.0182 0.1343 0.0250 0.0296
0 0.0096 0.0880 0.0151 0.0204