3 0.0423 0.8394 0.0793 0.0793
3 0.0303 0.6855 0.0375 0.0569
3 0.1912 0.6057 0.0286 0.0457
3 0.4929 0.5320 0.0127 0.0508
3 0.2081 0.5536 0.0200 0.0351
0 0.2403 0.5615 0.0459 0.0620
0 0.4078 0.4062 0.0224 0.0178
1 0.4395 0.3943 0.0185 0.0467
1 0.4319 0.3742 0.0161 0.0249
3 0.4429 0.4540 0.0070 0.0340
2 0.4724 0.6562 0.0688 0.2424
0 0.7931 0.8994 0.1075 0.2012
3 0.7698 0.6679 0.0325 0.0432
3 0.7239 0.6247 0.0305 0.0401
3 0.7398 0.6339 0.0339 0.0351
3 0.7544 0.6471 0.0339 0.0401
3 0.7165 0.6156 0.0344 0.0422
3 0.6840 0.5838 0.0286 0.0346
3 0.6715 0.5767 0.0315 0.0274
3 0.6703 0.5653 0.0320 0.0249
0 0.6204 0.5843 0.0370 0.0752
0 0.6355 0.5447 0.0714 0.0488
0 0.6142 0.5315 0.0553 0.0417
2 0.5111 0.3582 0.0101 0.0254
0 0.4885 0.3709 0.0067 0.0112
0 0.4880 0.3610 0.0053 0.0086
0 0.4871 0.3483 0.0046 0.0076
3 0.4915 0.3577 0.0022 0.0102