0 0.6373 0.7518 0.0322 0.0767
3 0.7661 0.8298 0.0413 0.0335
3 0.7553 0.8046 0.0409 0.0422
3 0.7434 0.8001 0.0430 0.0452
3 0.7316 0.7876 0.0387 0.0447
3 0.6945 0.7401 0.0231 0.0290
0 0.6591 0.7185 0.0716 0.0569
0 0.6391 0.7015 0.0565 0.0432
0 0.5393 0.5833 0.0132 0.0234
0 0.5368 0.5630 0.0096 0.0142
2 0.5492 0.5064 0.0070 0.0218
2 0.5698 0.5244 0.0108 0.0183
3 0.0352 0.8394 0.0252 0.0579
3 0.2151 0.7815 0.0312 0.0478
3 0.2313 0.7175 0.0192 0.0356
0 0.2587 0.7264 0.0462 0.0605
0 0.3538 0.6809 0.0327 0.0467
1 0.4454 0.5882 0.0312 0.0676
0 0.4643 0.5732 0.0060 0.0203
0 0.5227 0.5478 0.0070 0.0132