0 0.6750 0.9139 0.1354 0.1722
1 0.7427 0.6935 0.1458 0.2981
1 0.8797 0.5250 0.1281 0.2759
1 0.0542 0.7046 0.1062 0.3833
1 0.9734 0.4630 0.0531 0.1778
0 0.1557 0.8676 0.1135 0.1759
0 0.2411 0.8037 0.1031 0.1593
0 0.3323 0.7065 0.0979 0.1648
0 0.2802 0.5917 0.0875 0.1204
1 0.2167 0.5056 0.1062 0.2444
1 0.4531 0.5417 0.1000 0.2315
0 0.3745 0.5083 0.0635 0.0870
0 0.5792 0.4583 0.0625 0.1019
1 0.4661 0.3259 0.1073 0.1407
1 0.4349 0.3611 0.0760 0.1259
1 0.3573 0.4472 0.0896 0.1722
1 0.7292 0.4417 0.1083 0.1648