1 0.7056 0.7972 0.1533 0.4055
0 0.4867 0.9321 0.1333 0.1359
0 0.3756 0.9151 0.1178 0.1699
0 0.4644 0.7919 0.1222 0.1826
0 0.5839 0.8238 0.1100 0.2081
0 0.8811 0.7187 0.0711 0.1295
0 0.8494 0.6295 0.0678 0.0998
0 0.5672 0.6019 0.0589 0.1083
0 0.7439 0.5924 0.0567 0.0340
0 0.8178 0.5775 0.0556 0.1019
0 0.5839 0.5446 0.0522 0.0870
0 0.6467 0.5764 0.0578 0.0573
0 0.7406 0.5499 0.0567 0.0637
0 0.7672 0.5255 0.0656 0.0955
0 0.6772 0.5414 0.0567 0.0764
0 0.6344 0.5117 0.0511 0.0807
0 0.5950 0.4777 0.0478 0.0637
0 0.6939 0.4894 0.0522 0.0531
0 0.6589 0.4522 0.0533 0.0510
0 0.6261 0.4289 0.0433 0.0637
0 0.7083 0.4575 0.0433 0.0488
0 0.7583 0.4682 0.0500 0.0531
0 0.8194 0.4915 0.0478 0.0913
0 0.6372 0.3811 0.0322 0.0361
0 0.6778 0.3769 0.0289 0.0531
0 0.7022 0.3896 0.0267 0.0573
1 0.7833 0.2643 0.0978 0.0488
0 0.8067 0.3079 0.0289 0.0297
1 0.6750 0.2633 0.0411 0.0425
0 0.1956 0.7919 0.1111 0.1614
1 0.1289 0.6115 0.1889 0.2760
0 0.2478 0.6699 0.0733 0.1380
0 0.3583 0.6794 0.0722 0.1104
0 0.4017 0.6072 0.0878 0.0977
0 0.2417 0.5584 0.0522 0.0892
0 0.3506 0.5828 0.0367 0.0828
0 0.3744 0.5276 0.0600 0.0786
0 0.3606 0.4766 0.0678 0.0786
1 0.5389 0.2856 0.0533 0.0488