3 0.0772 0.6449 0.1538 0.1296
3 0.7403 0.9013 0.1504 0.1917
3 0.9246 0.8264 0.1311 0.1987
3 0.3800 0.5902 0.0774 0.1154
3 0.4642 0.6126 0.0848 0.1203
3 0.5544 0.5408 0.0781 0.0907
3 0.4551 0.5202 0.0666 0.0755
3 0.4033 0.4632 0.0483 0.0659
3 0.3618 0.3907 0.0618 0.0791
3 0.4824 0.2292 0.0253 0.0351
3 0.4670 0.2151 0.0291 0.0315
3 0.4307 0.2597 0.0375 0.0385
3 0.3870 0.2773 0.0291 0.0351
3 0.6563 0.2621 0.0311 0.0447
3 0.5139 0.1776 0.0260 0.0185
3 0.6017 0.1804 0.0220 0.0226
3 0.5907 0.1098 0.0135 0.0089
3 0.5852 0.1557 0.0125 0.0200
3 0.4790 0.1388 0.0145 0.0178
0 0.8663 0.5827 0.2673 0.2116
0 0.2347 0.4875 0.2058 0.1409
1 0.9373 0.4354 0.1254 0.2071
0 0.5105 0.3748 0.1450 0.0940
0 0.7643 0.2848 0.1159 0.0544
0 0.3618 0.2415 0.1139 0.0529
1 0.7014 0.1904 0.1680 0.1263
0 0.6176 0.1591 0.0301 0.0310
0 0.6056 0.1423 0.0365 0.0233
0 0.5967 0.1233 0.0240 0.0190
1 0.5201 0.1261 0.0541 0.0541
0 0.5127 0.1709 0.0446 0.0286
0 0.5281 0.1557 0.0422 0.0267
0 0.5681 0.1146 0.0284 0.0099
0 0.5684 0.1073 0.0284 0.0077
0 0.5918 0.1046 0.0223 0.0149
0 0.5531 0.1245 0.0125 0.0214
0 0.5825 0.0979 0.0199 0.0087
0 0.5728 0.0931 0.0155 0.0101
1 0.5079 0.0940 0.0419 0.0197
1 0.5493 0.0919 0.0314 0.0226
1 0.5394 0.0785 0.0372 0.0103
1 0.5142 0.0768 0.0301 0.0123
1 0.4934 0.0722 0.0230 0.0130
1 0.4814 0.0647 0.0220 0.0096
1 0.5014 0.0619 0.0172 0.0084
1 0.5667 0.0798 0.0182 0.0130