1 0.4257 0.4955 0.1776 0.1364
1 0.4625 0.3766 0.1250 0.0364
1 0.5164 0.2688 0.1145 0.0545
1 0.6224 0.4662 0.1342 0.0779
1 0.2303 0.7519 0.2368 0.1039
1 0.5882 0.6500 0.2263 0.0688
1 0.4697 0.8630 0.0684 0.2662
1 0.2224 0.9000 0.4132 0.2000
3 0.2987 0.5149 0.0474 0.0481
3 0.3289 0.5675 0.0237 0.0753
1 0.6855 0.9006 0.3789 0.1909
3 0.5849 0.5623 0.0513 0.0857
1 0.6586 0.3695 0.1276 0.0351
1 0.5967 0.3260 0.1382 0.0338
1 0.5645 0.3571 0.0474 0.0857
1 0.8125 0.2617 0.0882 0.0481
1 0.8086 0.3253 0.1092 0.0662
0 0.8059 0.6740 0.1487 0.0545
0 0.7783 0.5916 0.1066 0.0818
0 0.8441 0.5526 0.1145 0.0766
0 0.8408 0.7429 0.1184 0.0779
0 0.8947 0.8442 0.1184 0.1247
0 0.9441 0.9578 0.1092 0.0818
0 0.7658 0.4052 0.0526 0.0519
0 0.2487 0.4584 0.0684 0.0649
0 0.7605 0.4838 0.0316 0.0714
0 0.7289 0.3539 0.0526 0.0481
1 0.9684 0.3565 0.0342 0.0870
1 0.9033 0.2558 0.0803 0.0338
0 0.9316 0.3117 0.0421 0.0234
1 0.6059 0.1929 0.0513 0.0325
1 0.5697 0.2422 0.0605 0.0299
1 0.6072 0.2357 0.0750 0.0481
1 0.6737 0.2429 0.0658 0.0545
1 0.6362 0.2981 0.0987 0.0506
1 0.8000 0.2065 0.0474 0.0156
1 0.9224 0.1935 0.0342 0.0234
1 0.8895 0.1916 0.0289 0.0325
1 0.6908 0.1708 0.0289 0.0195
1 0.6711 0.1968 0.0316 0.0325
0 0.7224 0.1974 0.0184 0.0156
1 0.6414 0.1994 0.0303 0.0299
1 0.6355 0.1792 0.0316 0.0130