0 0.2706 0.9303 0.1347 0.1394
1 0.2463 0.7506 0.1370 0.2131
1 0.1043 0.7414 0.1517 0.2523
1 0.0266 0.8209 0.0516 0.2224
1 0.2017 0.5374 0.0801 0.0933
1 0.1844 0.6094 0.0962 0.0553
1 0.2937 0.6544 0.1224 0.1820
0 0.5754 0.8986 0.1209 0.1406
0 0.5431 0.8266 0.0870 0.1279
0 0.5273 0.7730 0.0785 0.0991
0 0.7764 0.7765 0.0885 0.0853
0 0.9196 0.9389 0.1486 0.1221
0 0.8776 0.7391 0.0970 0.0795
0 0.9373 0.7771 0.0962 0.0726
0 0.9773 0.8606 0.0454 0.1590
0 0.8276 0.6676 0.0477 0.0726
1 0.9569 0.5588 0.0862 0.1267
1 0.8657 0.5236 0.0993 0.1094
1 0.7914 0.4551 0.1032 0.1060
1 0.6332 0.4430 0.0978 0.0956
0 0.5035 0.6740 0.0693 0.0461
1 0.3491 0.4412 0.0608 0.0530
0 0.3915 0.5518 0.0485 0.0530
1 0.2610 0.3946 0.0523 0.0634
1 0.2421 0.5092 0.0685 0.1429
1 0.3949 0.4153 0.0616 0.0634
0 0.4958 0.6377 0.0616 0.0588
0 0.4457 0.5392 0.0462 0.0576
0 0.3634 0.3623 0.0200 0.0242
0 0.3865 0.3612 0.0200 0.0242
1 0.3353 0.4107 0.0516 0.0518
1 0.3075 0.4747 0.0670 0.0645
0 0.4049 0.6164 0.0539 0.0253
0 0.4095 0.6434 0.0708 0.0288
0 0.4018 0.6682 0.0724 0.0369
0 0.9781 0.8185 0.0439 0.0772
1 0.7456 0.3934 0.0839 0.0541
0 0.5955 0.5541 0.0454 0.0438
0 0.7625 0.5933 0.0516 0.0253
1 0.6674 0.4378 0.0400 0.0668
1 0.4742 0.3531 0.0293 0.0334
0 0.5262 0.4124 0.0254 0.0230
0 0.5012 0.3992 0.0200 0.0242
1 0.3133 0.3698 0.0385 0.0207
1 0.2964 0.4136 0.0169 0.0415
1 0.5597 0.3825 0.0308 0.0415
1 0.5266 0.3583 0.0308 0.0484