1 0.7150 0.4780 0.1593 0.2500
0 0.1747 0.9055 0.1333 0.1810
0 0.0743 0.9200 0.0740 0.1160
0 0.2090 0.7495 0.1433 0.2210
0 0.2430 0.6885 0.1100 0.1850
0 0.3080 0.5965 0.0827 0.1490
0 0.2943 0.6265 0.1100 0.1030
0 0.3320 0.4775 0.0960 0.0950
0 0.4360 0.6700 0.0880 0.2220
0 0.4227 0.7000 0.1040 0.1800
0 0.3943 0.8500 0.1180 0.3000
0 0.3620 0.9050 0.1747 0.1900
1 0.3740 0.3550 0.0587 0.2500
1 0.3423 0.3435 0.0767 0.1390
0 0.5107 0.4435 0.0787 0.1230
0 0.5850 0.4070 0.0780 0.1080
0 0.5597 0.3465 0.0660 0.0730
0 0.4567 0.3105 0.0160 0.0790
0 0.4163 0.3295 0.0273 0.0990
0 0.4537 0.2390 0.0327 0.0640
1 0.5343 0.2460 0.0713 0.1260
2 0.6177 0.2735 0.0847 0.1570
2 0.7307 0.3210 0.0907 0.1600
1 0.5777 0.1660 0.0513 0.0640
0 0.4600 0.1895 0.0320 0.0370
1 0.5353 0.1135 0.0267 0.0410
0 0.5437 0.1745 0.0113 0.0250
1 0.5600 0.0725 0.0187 0.0390
0 0.5007 0.1485 0.0293 0.0370
0 0.5040 0.0745 0.0147 0.0190
0 0.5213 0.0775 0.0133 0.0170
1 0.5320 0.0545 0.0147 0.0150
0 0.6497 0.3470 0.0660 0.0140
0 0.6223 0.3755 0.0180 0.0570