3 0.4378 0.5902 0.0350 0.0639
0 0.4997 0.6029 0.0713 0.1100
0 0.4447 0.6927 0.0675 0.1579
1 0.5972 0.8919 0.1876 0.2162
1 0.6298 0.7876 0.1338 0.4229
0 0.7148 0.5804 0.0563 0.0930
0 0.0188 0.9474 0.0325 0.0827
0 0.2226 0.6969 0.1163 0.1212
0 0.3221 0.4596 0.0513 0.0470
3 0.3133 0.4149 0.0100 0.0291
3 0.4634 0.4403 0.0163 0.0404
0 0.3690 0.4258 0.0338 0.0207
0 0.3968 0.4168 0.0319 0.0291
0 0.4228 0.4046 0.0275 0.0291
0 0.4368 0.3943 0.0219 0.0273
0 0.4540 0.3882 0.0300 0.0301
0 0.5134 0.3994 0.0350 0.0282
0 0.5031 0.3628 0.0169 0.0207
0 0.5557 0.4328 0.0306 0.0442
0 0.5638 0.4140 0.0231 0.0291
1 0.5963 0.4751 0.0607 0.1382
0 0.6357 0.4723 0.0294 0.0592
3 0.6732 0.4915 0.0156 0.0583
0 0.6560 0.4450 0.0288 0.0423
0 0.6270 0.4262 0.0244 0.0348
0 0.6526 0.4220 0.0231 0.0282
0 0.6438 0.4121 0.0256 0.0348
0 0.8505 0.5216 0.1101 0.0620
0 0.7448 0.4610 0.0438 0.0423
0 0.7258 0.4361 0.0294 0.0282
0 0.7158 0.4211 0.0281 0.0263
1 0.5801 0.3811 0.0256 0.0385
0 0.6326 0.3468 0.0119 0.0207
0 0.6173 0.3510 0.0088 0.0179
1 0.6445 0.3247 0.0131 0.0141
1 0.6279 0.3205 0.0150 0.0150
0 0.6717 0.3581 0.0163 0.0169
0 0.6144 0.3858 0.0181 0.0197
0 0.5704 0.3374 0.0138 0.0169
0 0.5522 0.3304 0.0125 0.0160
0 0.4631 0.4286 0.0381 0.0395