0 0.7123 0.6330 0.1313 0.1194
1 0.6892 0.3971 0.1088 0.1062
0 0.3502 0.5193 0.0725 0.0423
0 0.3427 0.4854 0.0638 0.0818
0 0.4018 0.4220 0.0469 0.0677
0 0.3471 0.4375 0.0588 0.0385
0 0.3462 0.4037 0.0444 0.0423
0 0.3487 0.3783 0.0394 0.0348
0 0.3552 0.3614 0.0338 0.0385
0 0.3530 0.3412 0.0306 0.0226
0 0.3533 0.3285 0.0288 0.0216
0 0.4037 0.3130 0.0131 0.0263
0 0.3599 0.3172 0.0244 0.0179
0 0.3590 0.3059 0.0213 0.0122
0 0.3609 0.2956 0.0150 0.0066
0 0.3665 0.2961 0.0188 0.0207
0 0.3909 0.2937 0.0225 0.0235
0 0.3646 0.2838 0.0175 0.0094
0 0.3680 0.2796 0.0169 0.0122
0 0.3674 0.2716 0.0156 0.0132
0 0.3687 0.2669 0.0156 0.0094
0 0.3687 0.2599 0.0181 0.0141
1 0.4325 0.2326 0.0156 0.0273
0 0.4390 0.2599 0.0138 0.0179
0 0.9246 0.4239 0.0544 0.0338
3 0.7974 0.4398 0.0188 0.0301
0 0.7652 0.4361 0.0444 0.0620
0 0.8487 0.4065 0.0513 0.0367
0 0.8102 0.3863 0.0356 0.0376
1 0.7617 0.3830 0.0525 0.0836
1 0.7355 0.3463 0.0938 0.0573
0 0.6313 0.3933 0.0181 0.0329
0 0.5932 0.3736 0.0394 0.0442
0 0.5782 0.3445 0.0269 0.0235
0 0.6241 0.2989 0.0213 0.0244
1 0.5450 0.2975 0.0519 0.0611
0 0.6445 0.3252 0.0306 0.0338
1 0.5109 0.2754 0.0238 0.0376
0 0.5310 0.2519 0.0138 0.0188
0 0.8114 0.5630 0.0807 0.1034
0 0.7514 0.4817 0.0794 0.0724
3 0.6911 0.4746 0.0213 0.0338