1 0.6873 0.8005 0.1646 0.3952
0 0.4568 0.9261 0.1235 0.1465
0 0.8428 0.8330 0.1582 0.1882
3 0.7217 0.6217 0.0342 0.0443
1 0.6208 0.5807 0.1050 0.1901
0 0.6655 0.5326 0.0430 0.0547
0 0.6458 0.4880 0.0366 0.0397
0 0.5544 0.4710 0.0288 0.0267
0 0.5894 0.4600 0.0244 0.0332
0 0.6787 0.4717 0.0391 0.0384
0 0.7139 0.4515 0.0352 0.0319
1 0.6580 0.4225 0.0757 0.0638
1 0.5930 0.4193 0.0376 0.0573
1 0.5767 0.3913 0.0273 0.0286
0 0.5288 0.4160 0.0166 0.0182
1 0.5420 0.3330 0.0107 0.0124
1 0.6165 0.3848 0.0396 0.0130
1 0.5208 0.3503 0.0151 0.0195
0 0.1528 0.9300 0.2021 0.1400
0 0.1250 0.8268 0.1670 0.1576
0 0.3250 0.6960 0.0874 0.1016
0 0.2988 0.6286 0.0879 0.0762
0 0.2551 0.6058 0.0884 0.0697
0 0.3850 0.5866 0.0581 0.0573
0 0.3652 0.5537 0.0576 0.0462
0 0.3176 0.5433 0.0640 0.0462
1 0.1052 0.5495 0.2095 0.1615
0 0.3816 0.5156 0.0474 0.0391
0 0.4067 0.4873 0.0352 0.0319
0 0.4607 0.4489 0.0249 0.0254
1 0.4214 0.4238 0.0498 0.0443
1 0.3931 0.4147 0.0391 0.0273
1 0.4106 0.3936 0.0264 0.0163
0 0.4526 0.4105 0.0137 0.0176
0 0.4680 0.4183 0.0161 0.0176
0 0.4778 0.4014 0.0142 0.0137
0 0.4653 0.3831 0.0107 0.0124
3 0.4504 0.3923 0.0044 0.0072
0 0.4321 0.3796 0.0146 0.0130