1 0.1851 0.8803 0.1393 0.2116
1 0.3603 0.8474 0.1186 0.1942
1 0.3087 0.7705 0.0862 0.1538
1 0.5154 0.6988 0.0608 0.1237
0 0.5254 0.7740 0.0531 0.0659
1 0.4092 0.7069 0.0747 0.0751
0 0.4592 0.7110 0.0285 0.0509
0 0.4657 0.6832 0.0339 0.0416
1 0.3179 0.7017 0.1093 0.0902
1 0.3406 0.6549 0.0762 0.0312
1 0.3422 0.6393 0.0516 0.0231
1 0.3668 0.6387 0.0454 0.0566
1 0.4018 0.6040 0.0431 0.0474
1 0.4230 0.6110 0.0393 0.0358
0 0.4692 0.6613 0.0316 0.0208
2 0.4677 0.6318 0.0346 0.0497
0 0.9746 0.9231 0.0508 0.0682
0 0.9057 0.9613 0.0993 0.0775
0 0.8106 0.9775 0.1078 0.0451
0 0.8487 0.8775 0.0870 0.0925
0 0.7868 0.7087 0.0400 0.0486
0 0.8499 0.7393 0.0616 0.0405
0 0.7156 0.8711 0.0731 0.1145
0 0.6925 0.8225 0.0747 0.0844
0 0.6617 0.7740 0.0593 0.0751
0 0.6155 0.7179 0.0285 0.0601
0 0.6112 0.6977 0.0385 0.0474
0 0.5808 0.6578 0.0192 0.0416
0 0.6420 0.6370 0.0323 0.0324
0 0.6263 0.6191 0.0254 0.0266
1 0.6347 0.5913 0.0239 0.0497
1 0.6705 0.5971 0.0323 0.0566
1 0.7082 0.6312 0.0493 0.0717
1 0.6905 0.6139 0.0400 0.0624
1 0.4215 0.5775 0.0316 0.0197
1 0.4846 0.5561 0.0192 0.0208
1 0.4546 0.5509 0.0254 0.0497
0 0.4915 0.6306 0.0131 0.0312
1 0.5146 0.5283 0.0131 0.0208
0 0.5766 0.5815 0.0154 0.0208
1 0.5874 0.5457 0.0200 0.0301
1 0.5666 0.5295 0.0169 0.0231
1 0.4827 0.5179 0.0154 0.0139
0 0.4550 0.5861 0.0139 0.0092
1 0.4615 0.5168 0.0208 0.0139
2 0.5570 0.5087 0.0085 0.0162