3 0.9812 0.8056 0.0377 0.2321
3 0.8819 0.4684 0.0269 0.1071
1 0.8238 0.2933 0.0877 0.1690
0 0.6558 0.7212 0.1362 0.1813
0 0.4558 0.9258 0.1669 0.1484
0 0.5208 0.7864 0.1231 0.2349
0 0.8823 0.7479 0.1277 0.1552
0 0.5962 0.6456 0.1231 0.1786
1 0.7892 0.1408 0.1246 0.1690
1 0.6650 0.1745 0.0669 0.1319
1 0.5381 0.1429 0.0838 0.1016
0 0.6104 0.3331 0.0531 0.1030
1 0.0673 0.3159 0.0977 0.1236
1 0.1342 0.1394 0.0700 0.1662
1 0.0692 0.1683 0.0738 0.1085
1 0.2450 0.2205 0.0746 0.0865
0 0.3950 0.5666 0.0992 0.1360
0 0.3742 0.6147 0.1177 0.1552
1 0.5569 0.0412 0.0554 0.0797
1 0.6123 0.1710 0.0431 0.1250