1 0.2349 0.1148 0.1979 0.1870
1 0.0750 0.1199 0.1417 0.2176
0 0.2234 0.4310 0.2271 0.2120
0 0.3516 0.7259 0.3177 0.4000
1 0.9505 0.2014 0.0979 0.2435
0 0.4161 0.3394 0.1479 0.1380
0 0.3224 0.2986 0.1531 0.1213
0 0.4737 0.2611 0.1182 0.1019
0 0.5703 0.2759 0.0948 0.1019
0 0.6305 0.3023 0.0870 0.1213
0 0.7021 0.3477 0.1135 0.1509
0 0.6990 0.2574 0.0688 0.0833
0 0.2138 0.2815 0.1547 0.1056
0 0.2685 0.2231 0.0734 0.0574
0 0.2154 0.2023 0.0818 0.0639
1 0.3766 0.1472 0.0958 0.0833
0 0.4010 0.1958 0.0531 0.0509
0 0.4424 0.2134 0.0766 0.0602
0 0.4747 0.1866 0.0432 0.0435
0 0.5263 0.1875 0.0557 0.0528
0 0.5867 0.2231 0.0849 0.0648
0 0.7417 0.2106 0.0583 0.0620
0 0.7229 0.1792 0.0427 0.0472
0 0.8307 0.2259 0.0437 0.0778
0 0.8797 0.2366 0.0417 0.0713
0 0.8112 0.1921 0.0422 0.0509
0 0.8711 0.1968 0.0391 0.0528
1 0.5651 0.1269 0.1177 0.0759
1 0.6914 0.0944 0.0839 0.0759
0 0.8378 0.1634 0.0276 0.0324
1 0.7664 0.1097 0.0339 0.0454
0 0.0469 0.9264 0.0875 0.1472
0 0.8596 0.1458 0.0245 0.0417